# /dev/cpu_dma_latency set to 0us
# Histogram
000000 000000	000000	000000	000000
000001 000000	000000	000000	000000
000002 000000	000000	000000	000000
000003 000000	000000	000000	000000
000004 000000	000264	000319	000237
000005 000133	000064	000052	000466
000006 000967	000884	000885	000563
000007 000174	000060	000058	000030
000008 000028	000020	000031	000016
000009 000020	000021	000024	000030
000010 000011	000377	003511	001225
000011 000286	017339	012216	000811
000012 001971	003222	000203	000444
000013 000116	002467	003714	051000
000014 001146	049456	066171	038005
000015 058597	019362	007587	006339
000016 022688	004963	004482	000288
000017 010147	000719	000306	000080
000018 001879	000185	000079	000095
000019 001118	000129	000071	000059
000020 000319	000085	000071	000064
000021 000091	000048	000044	000074
000022 000031	000064	000031	000071
000023 000026	000073	000014	000024
000024 000018	000056	000023	000013
000025 000036	000031	000015	000015
000026 000036	000009	000012	000013
000027 000031	000014	000010	000009
000028 000024	000010	000012	000010
000029 000017	000010	000014	000002
000030 000010	000009	000005	000003
000031 000007	000006	000006	000002
000032 000005	000004	000008	000000
000033 000004	000005	000004	000001
000034 000002	000002	000002	000001
000035 000003	000005	000003	000002
000036 000003	000004	000003	000000
000037 000000	000004	000002	000000
000038 000001	000002	000001	000001
000039 000003	000000	000000	000000
000040 000005	000002	000001	000000
000041 000001	000000	000000	000000
000042 000004	000003	000000	000000
000043 000003	000002	000000	000000
000044 000002	000000	000000	000000
000045 000002	000000	000000	000000
000046 000001	000001	000001	000000
000047 000001	000001	000001	000000
000048 000001	000001	000000	000000
000049 000003	000000	000000	000000
000050 000003	000001	000000	000000
000051 000001	000000	000000	000000
000052 000001	000000	000001	000000
000053 000001	000000	000000	000000
000054 000001	000000	000001	000000
000055 000001	000000	000000	000000
000056 000001	000000	000000	000000
000057 000002	000000	000002	000000
000058 000000	000000	000001	000000
000059 000000	000000	000000	000001
000060 000000	000000	000000	000000
000061 000000	000000	000000	000000
000062 000001	000001	000000	000000
000063 000000	000000	000000	000000
000064 000001	000000	000000	000000
000065 000000	000000	000001	000000
000066 000002	000000	000000	000000
000067 000000	000000	000000	000001
000068 000000	000001	000000	000001
000069 000000	000000	000000	000000
000070 000000	000000	000000	000000
000071 000000	000000	000000	000001
000072 000000	000000	000000	000000
000073 000002	000000	000000	000000
000074 000000	000000	000000	000000
000075 000001	000000	000000	000000
000076 000000	000000	000000	000000
000077 000000	000000	000000	000000
000078 000000	000001	000000	000000
000079 000000	000002	000000	000000
000080 000000	000000	000000	000000
000081 000000	000000	000000	000001
000082 000001	000001	000000	000000
000083 000000	000000	000000	000000
000084 000000	000001	000000	000000
000085 000000	000000	000000	000001
000086 000000	000000	000000	000000
000087 000000	000000	000001	000000
000088 000000	000001	000000	000000
000089 000000	000001	000000	000000
000090 000001	000000	000000	000000
000091 000001	000000	000000	000000
000092 000000	000001	000000	000000
000093 000001	000000	000000	000000
000094 000000	000000	000000	000000
000095 000000	000001	000000	000000
000096 000000	000000	000000	000000
000097 000000	000000	000000	000000
000098 000001	000000	000000	000000
000099 000000	000000	000000	000000
# Total: 000099994 000099995 000099999 000099999
# Min Latencies: 00005 00004 00004 00004
# Avg Latencies: 00015 00013 00013 00013
# Max Latencies: 00154 00167 00186 00148
# Histogram Overflows: 00006 00005 00001 00001
# Histogram Overflow at cycle number:
# Thread 0: 01862 01885 01911 01934 01996 62800
# Thread 1: 01427 01432 09785 47614 48025
# Thread 2: 01884
# Thread 3: 00828

